NH3 QSE Shot Statistics (ongoing_qse)
HF energy (Ha): -55.564069321633
UCCSD energy (Ha, no shots): -55.821946943892
QSE first eigenvalue (Ha, no shots): -55.823684321470
shot_values: [500, 1000, 10000]
runs_per_shot: 10

shots=500: mean=-56.248801324841, variance=1.319005522675e-01
  first_eig_values: [-56.15021246380985, -56.211315634477245, -56.436943704396704, -56.40086560958961, -55.86849191307262, -56.81442993527698, -55.9275809837614, -55.815141625923225, -56.04753936501599, -56.815492013083315]
shots=1000: mean=-56.193820945515, variance=5.574639077880e-02
  first_eig_values: [-56.13326713364977, -56.187222754954334, -56.12230264413274, -56.73700641235755, -56.209383803521725, -56.1271840388092, -56.130934722436095, -56.35235026311996, -55.79146618245886, -56.14709149970745]
shots=10000: mean=-55.892147412739, variance=5.797329986942e-03
  first_eig_values: [-56.07444145306402, -55.83187182426253, -55.809369216848054, -55.899255973868655, -55.88008220885553, -55.87743529738428, -55.961767209946956, -55.843490379478446, -55.869535809600634, -55.87422475407637]

Plot file: /Users/prince.kwao/Desktop/qc_arg/qse/ongoing_nh3_qse_shots_plot.png
